"","rpls","nbEnt","RP","nonDipl","IFS"
"10081",-0.607170138151326,-0.652619165901642,-0.656884669184176,1.80299698003337,-0.536878840792699
"10323",-0.709751444762799,-0.646810176791678,-0.58914013633164,1.20242690960637,-0.536878840792699
"10387",1.06153516001219,0.0739050927824383,0.483224101595776,-0.0693685336508007,-0.536878840792699
"11069",-0.238136665088755,0.102950038332257,0.0798066283484725,0.00128676875237519,-0.536878840792699
"11262",0.0205385792004633,0.388191434628405,0.292067409555097,0.160261199159522,0.978424055650245
"13001",1.19059503493673,3.56230320830029,2.10055366322648,-0.493300348069857,-0.536878840792699
"13004",-0.054638335031049,0.216525790930512,0.106684861370997,0.478210059973815,-0.536878840792699
"13005",-0.14073997325187,0.349130990613132,-0.036164204601967,-0.351989743263506,-0.536878840792699
"13028",-0.3688630233337,0.10655561777982,-0.135219235831725,-1.14686189529924,0.978424055650245
"14047",-0.681421228315948,-0.585515326183095,-0.588570854542963,-0.581619476073828,-0.536878840792699
"14118",1.76442079159549,1.08026237859132,1.53741198527044,-0.54629182487224,5.52433274497908
"14327",-0.257578970493457,-0.524420785543822,-0.412093500053164,-0.351989743263506,-0.536878840792699
"14366",-0.326460281070113,-0.487163131252331,-0.430554495200253,0.707839792784137,-0.536878840792699
"15014",-0.526623444331849,-0.375189858408548,-0.29408951785745,-0.422645045666681,0.978424055650245
"16216",0.130896807973816,-0.791233664663534,-0.848041361224855,0.760831269586519,-0.536878840792699
"17160",-0.550509705257625,-0.797843893650734,-0.853896831051244,-0.387317394465094,-0.536878840792699
"17229",0.130896807973816,-0.801449473098298,-0.85735318476821,1.07878013040081,-0.536878840792699
"17299",-0.611984423299157,-0.383402567150221,-0.347520680023256,0.28390797836508,0.978424055650245
"17300",1.2822516175589,1.00915233948659,0.901076934484527,-0.281334440860329,-0.536878840792699
"17415",-0.655868484069769,-0.301475789702802,-0.305475153630986,0.230916501562698,-0.536878840792699
"18033",0.718795090449313,0.0398523979998925,0.467812830316598,-0.0340408824492128,-0.536878840792699
"18279",-0.729378914980878,-0.522818305789349,-0.363582559060922,2.19160114325084,0.978424055650245
"19031",-0.423116313653486,0.015013961805565,0.115671381035109,-0.298998266461123,0.978424055650245
"21054",-0.649758045228292,-0.319703996909929,-0.439337699939838,-0.351989743263506,-0.536878840792699
"22278",-0.23276688550079,-0.188901586951092,0.0558561302391426,0.19558885036111,2.49372695209319
"24322",-0.496441579751217,-0.247993027897274,-0.167180341967436,-0.404981220065887,-0.536878840792699
"26281",-0.469592681811391,-0.216344052746437,-0.214878023261568,1.06111630480002,-0.536878840792699
"27229",0.766197282674109,-0.109979459043309,0.0408921517939246,1.34373751441272,2.49372695209319
"27284",-0.741229463037077,-0.627380109768696,-0.643587873120082,0.248580327163492,0.978424055650245
"27375",-0.495886085311083,-0.562079059773932,-0.526356487637573,0.990461002396842,-0.536878840792699
"27467",-0.739748144530053,-0.631386309154878,-0.653916271286075,0.28390797836508,-0.536878840792699
"27681",-0.468481692931123,-0.446700517451894,-0.435068086524762,0.336899455167462,0.978424055650245
"27701",-0.514032237022138,-0.667241793661205,-0.681648426991615,3.11012007449213,0.978424055650245
"28085",0.0340556105770653,-0.112583488644327,-0.0747533772772711,-0.528627999271446,-0.536878840792699
"28134",-0.254986663106163,-0.399627674664257,-0.372162448875979,0.831486571989696,-0.536878840792699
"28218",-0.321460831108904,-0.662434354397787,-0.548436488441251,0.796158920788107,-0.536878840792699
"29019",1.7584955175674,0.770783476008772,2.20485421950905,-1.00555129049288,5.52433274497908
"29232",-0.0788949255835813,0.218128270684985,0.503230290169274,-0.652274778477004,0.978424055650245
"2A004",-0.303685009024606,0.710089555308117,0.377541003826424,-0.528627999271446,0.978424055650245
"2B033",-0.164441069364268,0.159036829738803,-0.0282349225453977,-0.140023836053977,-0.536878840792699
"31395",-0.681421228315948,-0.327516085712984,-0.412296814977691,0.654848315981755,-0.536878840792699
"31555",7.52786077280252,9.53294246349642,9.94021450106412,-1.23518102330321,0.978424055650245
"32013",-0.721231663192242,-0.398425814848403,-0.383832725543853,-0.122360010453183,-0.536878840792699
"33039",-0.421449830333083,-0.211937233421637,-0.284045760585796,-0.54629182487224,-0.536878840792699
"33063",2.8276371500126,7.01103994989494,4.91984039567839,-1.2705086745048,0.978424055650245
"33069",-0.72826792610061,-0.285450992158074,-0.384767974196679,-0.599283301674622,-0.536878840792699
"33119",-0.332015225471456,-0.243586208572474,-0.372162448875979,0.0896058967563454,-0.536878840792699
"33162",-0.618465191767391,-0.381800087395748,-0.416281787498429,-1.16452572090003,0.978424055650245
"33167",-0.550509705257625,-0.45651570594804,-0.54754190277333,1.06111630480002,0.978424055650245
"33192",-0.653461341495854,-0.405236353804912,-0.370047973660894,-0.0340408824492128,-0.536878840792699
"33243",-0.715121224350764,-0.292261531114583,-0.361264768921309,0.884478048792077,-0.536878840792699
"33249",-0.186290517342885,-0.332123215007093,-0.449625435120925,0.142597373558728,-0.536878840792699
"33281",0.130896807973816,0.71389544472499,0.610295929425413,-1.44714693051274,-0.536878840792699
"33318",0.182002296466174,0.167850468388403,0.407102993852711,-1.57079370971829,0.978424055650245
"33449",-0.667348702499212,-0.355759791385566,-0.307304987951732,-1.41181927931115,-0.536878840792699
"33522",-0.219435018937566,-0.144232463795164,0.140923094661414,-1.07620659289606,-0.536878840792699
"33550",-0.449409717153178,-0.248193337866583,-0.171531281352322,-1.23518102330321,-0.536878840792699
"35115",-0.571248164355973,-0.552464181247095,-0.424536373434242,-0.104696184852389,0.978424055650245
"35238",4.22081720586949,2.84499320820443,3.86935284363012,-1.252844848904,2.49372695209319
"37122",-0.275725122204511,-0.415652472208985,-0.140952716703399,-0.104696184852389,0.978424055650245
"37233",-0.513476742582003,-0.621370810689423,-0.567548091346828,-0.140023836053977,-0.536878840792699
"37261",2.57359102605783,1.33425541967525,2.21091300425997,-1.04087894169447,4.00902984853613
"38563",-0.656238813696525,-0.342539333411166,-0.452349855109593,-0.528627999271446,-0.536878840792699
"39198",-0.504403666726476,-0.437686568832985,-0.366794934868455,0.866814223191284,0.978424055650245
"39300",-0.569396516222192,-0.46973616392244,-0.486018806611333,0.10726972235714,-0.536878840792699
"40088",-0.728638255727366,-0.34374119322702,-0.382368858087255,0.142597373558728,-0.536878840792699
"41018",0.457897868399557,-0.140226264408982,0.0557341412844261,0.425218583171433,0.978424055650245
"41269",-0.627723432436297,-0.585515326183095,-0.537294830577148,0.00128676875237519,-0.536878840792699
"42044",-0.698641555960112,-0.665839623876042,-0.653794282331359,1.18476308400558,-0.536878840792699
"42095",-0.539584981268317,-0.572094558239386,-0.531073393886609,1.34373751441272,-0.536878840792699
"42186",-0.737526166769515,-0.622973290443896,-0.601501683742907,0.796158920788107,-0.536878840792699
"42187",-0.277947099965049,-0.179487018393564,-0.110252163099758,0.177925024760316,0.978424055650245
"42207",-0.0163092186617804,-0.358764440925202,-0.245009295076531,0.336899455167462,0.978424055650245
"42218",2.51859707648453,1.96883740244646,2.62246307448837,0.142597373558728,2.49372695209319
"44109",5.56752089356848,5.32803558775994,5.90701568022881,-0.828913034484945,-0.536878840792699
"44114",-0.712343752150092,-0.41224720273073,-0.379522449143871,-1.58845753531909,-0.536878840792699
"44143",-0.397008074967173,-0.159255711493346,-0.0517381278207673,-0.952559813690503,-0.536878840792699
"44162",-0.142221291758895,0.132796223759312,0.0395909362769491,-0.563955650473034,-0.536878840792699
"44184",0.657135207594402,0.116971736183893,0.581465873127425,0.142597373558728,-0.536878840792699
"45068",-0.724194300206291,-0.681864421420769,-0.642489972527634,1.00812482799764,-0.536878840792699
"45147",-0.644758595267083,-0.578103857318659,-0.488987204509434,-0.087032359251595,-0.536878840792699
"45208",-0.506255314860257,-0.541246822965786,-0.541930410856373,2.20926496885163,0.978424055650245
"45234",1.73701639921553,0.90378929563001,1.48633927622915,-0.0517047080500064,-0.536878840792699
"45284",-0.70178935778754,-0.575499827717641,-0.485042894973602,-0.758257732081768,-0.536878840792699
"45285",-0.702530017041053,-0.63979932786586,-0.581820799048653,2.13860966644845,0.978424055650245
"47001",-0.287760835074088,-0.183092597841128,-0.15498144649579,-0.493300348069857,0.978424055650245
"49002",-0.667163537685834,-0.769199568039534,-0.810184122277849,0.548865362376991,-0.536878840792699
"49007",3.83215626258884,1.38753787151147,2.49701776605495,-0.422645045666681,-0.536878840792699
"49099",-0.17888392480776,-0.0482839884961084,0.181464090612182,-0.157687661654771,-0.536878840792699
"49328",-0.490145976096362,-0.39682333509393,-0.31885327566489,0.743167443985725,-0.536878840792699
"49353",-0.686791007903913,-0.623974840290441,-0.601339031803285,-0.793585383283356,-0.536878840792699
"51108",0.673800040798432,-0.345543982950802,0.013607288922345,0.10726972235714,-0.536878840792699
"51230",-0.420894335892949,-0.494173980178149,-0.396438250864553,0.0542782455547574,-0.536878840792699
"51454",0.887109905810014,1.76592340353635,2.90031325034754,-0.281334440860329,-0.536878840792699
"53130",0.199407788923717,-0.0464811987723265,0.188458124015925,-0.316662092061917,-0.536878840792699
"56098",-0.598282227109177,-0.564082159467023,-0.432790959370055,-1.02321511609368,-0.536878840792699
"56121",0.533630277071204,0.178867516700403,0.444065647131795,-0.175351487255565,-0.536878840792699
"56260",0.0453506641931299,0.318483565308841,0.32463846046439,-0.669938604077798,-0.536878840792699
"59009",1.13467526129655,0.243767946756549,0.229893705634613,0.0189505943531695,-0.536878840792699
"59017",-0.561619594060312,-0.526624195206222,-0.412825433781463,0.230916501562698,-0.536878840792699
"59122",-0.566063549581386,-0.309488188475165,-0.211015039695547,1.1141077816024,0.978424055650245
"59155",-0.581247064278391,-0.650616066208551,-0.486018806611333,-0.616947127275416,-0.536878840792699
"59172",-0.628464091689809,-0.488565301037495,-0.547785880682763,3.71069014491912,-0.536878840792699
"59178",0.217924270261528,-0.246390548142801,-0.138553600593975,1.07878013040081,2.49372695209319
"59183",1.51852191942937,0.183274336025203,0.821946765858455,0.407554757570638,-0.536878840792699
"59491",-0.742710781544102,-0.707704407461642,-0.653306326512493,1.22009073520716,-0.536878840792699
"59512",1.71072299571584,0.797224391957573,0.651324881195046,2.45655852726275,-0.536878840792699
"59569",-0.691605293051744,-0.675855122341496,-0.595483561976895,1.43205664241669,-0.536878840792699
"59599",1.16152415923637,0.438068616986369,0.76347339356437,0.637184490380961,-0.536878840792699
"59606",-0.0414916332812032,-0.0975602409461452,0.0277173446845479,0.955133351195254,-0.536878840792699
"59650",-0.102781186509357,-0.463526554873858,-0.180721115940962,1.30840986321113,-0.536878840792699
"60057",0.746014318015895,-0.0208415227007626,0.178861659578231,1.75000550323099,-0.536878840792699
"60159",0.184964933480224,-0.151443622690291,-0.0556011113867882,0.743167443985725,-0.536878840792699
"60175",0.261808331032139,-0.358764440925202,-0.336663663053492,2.38590322485957,-0.536878840792699
"60414",-0.698271226333356,-0.668844273415678,-0.657494613957758,0.425218583171433,-0.536878840792699
"60463",-0.57939541614461,-0.610353762377423,-0.541930410856373,1.00812482799764,0.978424055650245
"60471",-0.714195400283874,-0.638797778019314,-0.629721795267313,2.06795436404528,-0.536878840792699
"61001",-0.129074590009049,-0.45431229628564,-0.319829187302621,1.78533315443257,0.978424055650245
"61006",-0.536252014627511,-0.648412656546151,-0.588936821407112,1.6970140264286,0.978424055650245
"61169",-0.687716831970804,-0.636193748418296,-0.562749859127981,-0.422645045666681,-0.536878840792699
"62160",0.223108885036115,-0.298070520224547,-0.0477531553000299,1.50271194481987,-0.536878840792699
"63113",2.81837890934369,1.52775485002783,2.39113135336107,-0.846576860085739,0.978424055650245
"64024",-0.614206401059695,0.195893864091676,-0.00814740800208877,-1.35882780250877,-0.536878840792699
"64102",0.0453506641931299,0.418438239994078,0.27755072394384,-1.18218954650083,-0.536878840792699
"64445",0.450676440677811,0.630165877553789,0.868587209545045,-0.228342964057947,2.49372695209319
"66136",-0.703085511481187,1.69100747501475,1.53566347691951,2.0149628872429,-0.536878840792699
"69029",-0.259060289000481,-0.185896937411455,-0.117449511428029,-0.228342964057947,0.978424055650245
"69034",-0.445150926445481,0.0610852547466563,-0.0384819947415796,-0.758257732081768,-0.536878840792699
"69081",-0.70086353372065,-0.392015895830512,-0.541564443992224,-0.881904511287326,-0.536878840792699
"69091",-0.47755476878665,-0.540846203027168,-0.53286256522245,0.478210059973815,0.978424055650245
"69149",-0.708270126255774,-0.370582729114439,-0.336460348128964,-0.881904511287326,-0.536878840792699
"69199",-0.424412467347133,-0.515807456863531,-0.558480245712905,1.32607368881193,-0.536878840792699
"69256",0.683243446280716,0.113766776674948,-0.121678461858199,0.813822746388901,0.978424055650245
"69259",1.17855932206716,0.161240239401203,0.230666302347817,0.813822746388901,-0.536878840792699
"69264",-0.0798207496504718,-0.0941549714678906,-0.173157800748542,0.336899455167462,0.978424055650245
"69266",2.49563663962565,2.19959448709053,2.19794151207512,-0.72293008088018,0.978424055650245
"69275",-0.604577830764033,-0.275235183723311,-0.368177476355241,0.319235629566668,-0.536878840792699
"69282",-0.65383167112261,-0.275836113631238,-0.310761341668698,0.584193013578579,-0.536878840792699
"69286",0.0429435216192145,-0.288856261636329,-0.373992283196726,1.29074603761034,0.978424055650245
"69290",0.01498363479912,0.0793134619537838,-0.0732081838508627,-0.228342964057947,-0.536878840792699
"71270",0.113676480329652,-0.221552111948474,-0.186291944873013,0.425218583171433,-0.536878840792699
"71306",-0.38256521952368,-0.584714086305859,-0.488865215554717,0.213252675961904,-0.536878840792699
"72003",-0.667163537685834,-0.740955862366952,-0.67026279121808,1.55570342162225,-0.536878840792699
"72181",2.63506574409936,1.06984626018725,2.07896161824167,-0.210679138457153,0.978424055650245
"73008",-0.630686069450346,-0.199718325293783,-0.208981890450273,-1.14686189529924,-0.536878840792699
"73011",-0.606059149271058,-0.44089152834193,-0.478374165449102,-0.599283301674622,-0.536878840792699
"73065",0.342169860038239,0.262597083871604,0.284585420332488,-0.369653568864299,-0.536878840792699
"74010",1.08727306907175,2.07480137621097,1.72580359433755,-0.864240685686532,-0.536878840792699
"74012",-0.350161377182511,-0.201521115017564,-0.157421225590119,-0.369653568864299,-0.536878840792699
"74281",-0.4805174058007,-0.171073999682582,-0.169823435986292,-0.298998266461123,-0.536878840792699
"76057",-0.705122324428346,-0.699491698719969,-0.643506547150272,-0.0693685336508007,-0.536878840792699
"76157",-0.370714671467481,-0.684869070960406,-0.601095053893852,1.90897993363813,-0.536878840792699
"76217",-0.0657482238337355,-0.41665402205553,-0.257492831442515,0.690175967183343,-0.536878840792699
"76231",-0.468296528117745,-0.590122455477205,-0.543353615328065,0.902141874392871,-0.536878840792699
"76259",-0.616428378820232,-0.61536151161015,-0.489393834358488,-0.0340408824492128,-0.536878840792699
"76305",-0.724009135392913,-0.729538194116333,-0.705680251070756,1.16709925840478,0.978424055650245
"76322",0.519187421627711,-0.616363061456696,-0.336013055295004,-0.510964173670652,-0.536878840792699
"76351",4.49467596485571,1.01175636908761,2.43903234957973,0.531201536776196,4.00902984853613
"76410",-0.57161849398273,-0.700693558535824,-0.64505174057668,0.637184490380961,-0.536878840792699
"76451",-0.37182566034775,-0.501385139073276,-0.466012618037835,-1.14686189529924,-0.536878840792699
"76484",-0.74289594635748,-0.71030843706266,-0.663878702587919,-0.616947127275416,0.978424055650245
"76498",-0.326089951443357,-0.536239073733059,-0.453407092717135,0.248580327163492,-0.536878840792699
"76540",1.78330760256006,1.57122211336791,1.74491519724312,-0.63461095287621,2.49372695209319
"76575",-0.0788949255835813,-0.535437833855822,-0.377042007064637,0.707839792784137,-0.536878840792699
"76681",-0.280539407352342,-0.477548252725494,-0.308972170332857,0.248580327163492,0.978424055650245
"77083",-0.40996961190364,-0.420259601503094,-0.434336152796463,-0.422645045666681,-0.536878840792699
"77108",-0.211287767148929,0.0276334898720378,0.0461783398316375,-0.81124920888415,0.978424055650245
"77131",-0.695493754132685,-0.566686189068041,-0.582674721731668,-0.475636522469064,0.978424055650245
"77152",-0.486257515015421,-0.545052712382659,-0.492118254347156,0.142597373558728,-0.536878840792699
"77284",0.589550050711393,0.06689424385662,0.0731785618088786,0.319235629566668,2.49372695209319
"77285",-0.439781146857516,-0.597133304403023,-0.543597593237498,1.02578865359843,-0.536878840792699
"77288",0.155523728153105,-0.0933537315906543,-0.151240451884486,0.672512141582549,0.978424055650245
"77305",-0.43255971913577,-0.52922822480724,-0.540303891460154,1.07878013040081,-0.536878840792699
"77333",-0.728453090913988,-0.608550972653641,-0.630941684814477,0.230916501562698,0.978424055650245
"77337",-0.595875084535262,-0.585315016213786,-0.61056952937683,-0.0340408824492128,-0.536878840792699
"77373",-0.589023986440272,-0.210134443697855,-0.270301671687742,-0.387317394465094,-0.536878840792699
"77445",-0.543658607162635,-0.497579249656404,-0.443322672460575,0.0542782455547574,-0.536878840792699
"77468",-0.496811909377973,-0.45651570594804,-0.496103226867893,-0.828913034484945,-0.536878840792699
"78005",-0.36201192523871,-0.549659841676768,-0.499152950735804,-0.616947127275416,-0.536878840792699
"78123",-0.6919756226785,-0.608550972653641,-0.592474501093889,1.78533315443257,-0.536878840792699
"78172",-0.564767395887739,-0.255204186792401,-0.280182777019775,-0.828913034484945,-0.536878840792699
"78208",-0.657349802576794,-0.484559101651313,-0.433888859962503,-1.48247458171432,-0.536878840792699
"78297",0.0207237440138414,-0.42326425104273,-0.377977255717463,-0.740593906480974,-0.536878840792699
"78335",-0.681050898689192,-0.597133304403023,-0.606055938052321,0.37222710636905,-0.536878840792699
"78361",0.195704492656154,-0.145234013641709,-0.167830949725923,0.884478048792077,-0.536878840792699
"78362",-0.521994323997396,-0.563080609620477,-0.530138145233783,0.124933547957934,-0.536878840792699
"78423",-0.445336091258859,-0.230766370536692,-0.281199351642412,-1.65911283772226,-0.536878840792699
"78440",-0.231100402180387,-0.35716196117073,-0.397739466381528,0.690175967183343,0.978424055650245
"78490",-0.534030036866973,-0.376391718224402,-0.366550956959022,-0.881904511287326,-0.536878840792699
"78498",-0.04278778697485,-0.188500967012473,-0.179907856242852,-0.828913034484945,-0.536878840792699
"78517",-0.696789907826331,-0.358964750894511,-0.346951398234579,-0.510964173670652,-0.536878840792699
"78545",-0.63420420090453,-0.576501377564186,-0.533350521041316,-1.53546605851671,0.978424055650245
"78551",-0.47662894471976,0.229746248904913,-0.0629204486697753,-1.5531298841175,-0.536878840792699
"78586",-0.113150416058531,0.0626877345011291,-0.000828070719101701,-0.493300348069857,0.978424055650245
"78621",0.15107977263203,-0.297669900285929,-0.392453278343815,0.389890931969845,0.978424055650245
"78646",0.233848444212045,1.2869822669183,0.659986096979914,-1.94173404733497,-0.536878840792699
"79191",0.0147984699857419,0.0266319400254924,0.387462772143362,-0.087032359251595,0.978424055650245
"80021",0.804341234229999,0.90599270529241,1.85942216273697,0.354563280768256,4.00902984853613
"81004",-0.360345441918307,0.0813165616468747,0.196184091147967,0.00128676875237519,0.978424055650245
"81065",-0.519587181423481,-0.154448272229928,-0.0296581270170896,0.142597373558728,-0.536878840792699
"84007",1.47408236421862,1.45444140126071,0.900710967620377,0.0719420711555517,-0.536878840792699
"84031",-0.708084961442396,-0.195511815938292,-0.327107861600703,1.32607368881193,0.978424055650245
"84035",-0.659756945150709,-0.262615655656838,-0.374683553940119,0.319235629566668,-0.536878840792699
"84087",-0.62050200471455,-0.252800467160692,-0.336013055295004,0.548865362376991,-0.536878840792699
"85191",0.092938021231304,0.00840373281836492,0.276168182457053,-0.369653568864299,-0.536878840792699
"89387",-0.278687759218561,-0.391615275891894,-0.325522005189389,1.96197141044051,-0.536878840792699
"90010",0.576218184148169,-0.180087948301491,0.104651712125723,0.37222710636905,-0.536878840792699
"91027",-0.340717971700228,-0.282446342618438,-0.288315374000871,-0.81124920888415,0.978424055650245
"91103",-0.514587731462272,-0.473141433400694,-0.415183886905981,-0.952559813690503,-0.536878840792699
"91174",0.0422028623657021,-0.017235943253199,-0.0183538172133652,-0.193015312856359,0.978424055650245
"91201",-0.521994323997396,-0.395220855339457,-0.389688195370242,-0.846576860085739,-0.536878840792699
"91223",-0.672718482087177,-0.451507956715312,-0.440435600532286,1.34373751441272,0.978424055650245
"91272",-0.736600342702625,-0.505391338459458,-0.493297480909415,-1.18218954650083,0.978424055650245
"91286",-0.377195439935715,-0.407239453498003,-0.486791403324537,0.990461002396842,-0.536878840792699
"91345",-0.636981673105202,-0.46753275426004,-0.507244884731996,-0.228342964057947,-0.536878840792699
"92002",-0.0653778942069793,0.250378175743749,0.249655916298678,-1.35882780250877,0.978424055650245
"92004",0.532519288190935,1.16519380557838,0.702397590236333,-1.04087894169447,-0.536878840792699
"92007",0.87081540223274,-0.192106546460037,-0.163967966159902,-0.846576860085739,-0.536878840792699
"92009",-0.692345952305257,-0.265419995227165,-0.33361393918558,-1.48247458171432,-0.536878840792699
"92012",0.486413249659786,3.28146863132894,1.55729618488922,-1.67677666332306,-0.536878840792699
"92019",0.0468319827001548,-0.345543982950802,-0.266926643940587,-0.246006789658741,-0.536878840792699
"92020",-0.385157526910974,-0.210334753667165,-0.188609735012625,-0.740593906480974,-0.536878840792699
"92022",-0.690309139358097,-0.496778009779167,-0.491833613452817,-1.62378518652068,0.978424055650245
"92023",0.120897908051398,0.177465346915239,0.0493500526542652,-0.669938604077798,-0.536878840792699
"92024",0.729719814438621,0.735128301471754,0.311057023505958,-0.63461095287621,-0.536878840792699
"92025",1.05005494158275,0.752555268801645,0.575000458527453,-0.193015312856359,2.49372695209319
"92026",0.649173120619144,1.45564326107656,0.73151228742866,-1.5531298841175,-0.536878840792699
"92032",-0.331830060658078,-0.483958171743385,-0.412744107811652,-0.528627999271446,-0.536878840792699
"92036",1.09227251903296,0.0406536378771289,-0.0788603387527249,0.531201536776196,-0.536878840792699
"92040",0.334022608249602,0.726114352852845,0.433249293146937,-1.42948310491194,-0.536878840792699
"92044",-0.0205680093694769,1.39114345095903,0.432720674343165,-1.8357510937302,-0.536878840792699
"92046",-0.0579713016718549,-0.192106546460037,-0.265584765438706,-0.599283301674622,-0.536878840792699
"92048",-0.17499546372682,0.0492669665574199,-0.0593827689829982,-1.34116397690797,-0.536878840792699
"92049",-0.153331180561581,0.279222811324258,0.12754497262751,-2.04771700093973,-0.536878840792699
"92050",2.74986792839379,1.01936814792136,0.707317811409897,-0.193015312856359,-0.536878840792699
"92060",-0.342754784647387,-0.42326425104273,-0.321618358638463,-0.369653568864299,-0.536878840792699
"92062",0.0936786804848164,0.619349139211098,-0.00200729728136073,-1.64144901212147,-0.536878840792699
"92063",0.372351724618871,0.844297234745209,0.505141450459832,-1.02321511609368,-0.536878840792699
"92064",-0.723638805766157,-0.0428756193247629,-0.339754049906308,-1.42948310491194,-0.536878840792699
"92072",-0.676051448727983,-0.295065870684911,-0.451780573320916,-0.599283301674622,-0.536878840792699
"92073",0.30680338068302,0.26560173341124,0.0306044166128372,-0.864240685686532,-0.536878840792699
"92075",-0.544769596042904,-0.325713295989202,-0.320805098940353,-1.37649162810956,-0.536878840792699
"92078",-0.189438319170312,-0.402432014234585,-0.488417922720757,0.354563280768256,0.978424055650245
"93001",1.17763349800027,1.64032905277954,0.4982287430259,1.82066080563416,-0.536878840792699
"93005",0.680651138893422,0.581290245042371,0.375670506520772,0.690175967183343,-0.536878840792699
"93006",0.150709443005274,0.228744699058367,-0.252084654450085,-0.175351487255565,0.978424055650245
"93007",0.344577002612154,0.0346443387978561,-0.0367741493755493,1.37906516561431,-0.536878840792699
"93008",0.765826953047352,0.466712942597569,-0.0792263056168743,2.13860966644845,-0.536878840792699
"93010",0.622324222679318,0.0176179914065832,-0.0370994532547932,1.55570342162225,0.978424055650245
"93014",-0.50107070008567,-0.307284778812765,-0.495371293139594,2.13860966644845,-0.536878840792699
"93027",0.321061071313134,0.0829190414013475,-0.224393161729451,2.65086060887148,-0.536878840792699
"93029",0.440862705568771,0.640181376019244,0.278933265430626,0.902141874392871,0.978424055650245
"93030",-0.585876184612844,-0.696887669118951,-0.696165112602873,0.813822746388901,-0.536878840792699
"93031",0.0983078008192691,0.16845139829633,-0.0294548120925622,-0.104696184852389,-0.536878840792699
"93032",-0.470148176251526,-0.236775669615965,-0.231224543193572,0.566529187977785,0.978424055650245
"93045",-0.526067949891715,-0.305882609027602,-0.41933151136634,-0.864240685686532,-0.536878840792699
"94002",0.43215995934,0.0729035429358928,-0.0202649775039229,-0.334325917662711,-0.536878840792699
"94003",-0.307758634918924,-0.415051542301057,-0.453163114807702,-0.422645045666681,-0.536878840792699
"94004",-0.699937709653759,-0.517209626648695,-0.591783230350496,0.902141874392871,0.978424055650245
"94011",-0.332385555098213,-0.521416136004186,-0.57193969371662,1.06111630480002,0.978424055650245
"94016",-0.211472931962307,-0.358564130955893,-0.30966344107625,-1.14686189529924,-0.536878840792699
"94017",1.15800602778219,0.477329370970951,0.380184097845281,-0.0340408824492128,0.978424055650245
"94018",-0.392934449072854,-0.107776049380909,-0.289087970714076,-1.80042344252862,-0.536878840792699
"94021",-0.554398166338565,-0.453911676347021,-0.541035825188453,-0.652274778477004,-0.536878840792699
"94022",0.112750656262762,-0.060502896623963,-0.0688572444659759,-0.581619476073828,-0.536878840792699
"94028",1.59166202071372,0.676036860525571,0.702763557100483,-0.193015312856359,-0.536878840792699
"94033",0.246624816335135,0.207912462250221,0.0237323721638105,0.160261199159522,-0.536878840792699
"94034",-0.497552568631486,-0.476747012848258,-0.408352505441859,0.407554757570638,-0.536878840792699
"94037",-0.272206990750327,-0.486562201344404,-0.495452619109405,-0.228342964057947,-0.536878840792699
"94038",-0.510143775941197,-0.407239453498003,-0.330604878302574,-0.705266255279386,-0.536878840792699
"94041",1.00765219931916,0.49756067787117,0.31166696827954,0.0896058967563454,-0.536878840792699
"94042",-0.711417928083202,-0.433279749508185,-0.501064111026362,-1.39415545371035,-0.536878840792699
"94043",-0.283316879553014,-0.35275514184593,-0.393063223117397,-0.864240685686532,-0.536878840792699
"94044",-0.537363003507779,-0.464327794751094,-0.439703666803987,-0.705266255279386,-0.536878840792699
"94046",0.105899558167772,0.174661007344912,0.195330168464952,-1.62378518652068,-0.536878840792699
"94054",-0.17110700264588,-0.455113536162876,-0.478414828434008,-0.440308871267476,-0.536878840792699
"94068",-0.594023436401481,1.05061650313358,0.52848200379558,-1.05854276729527,-0.536878840792699
"94073",-0.670681669140018,-0.33272414491502,-0.333044657396903,-1.2705086745048,-0.536878840792699
"94074",-0.494034437177302,-0.594128654863386,-0.645133066546491,0.849150397590489,-0.536878840792699
"94076",0.630656639281333,0.0418554976929834,0.14681922747271,-0.970223639291297,-0.536878840792699
"94078",-0.230730072553631,-0.29306277099182,-0.345284215853454,1.14943543280399,0.978424055650245
"94079",-0.479591581733809,-0.377793888009566,-0.362931951302434,-1.65911283772226,0.978424055650245
"94080",-0.629019586129943,0.490750138914661,0.154097901770791,-1.97706169853656,-0.536878840792699
"94081",1.39686863703995,0.700274366811972,0.679504329734546,-0.316662092061917,-0.536878840792699
"95018",1.50704170099992,1.28938598655001,0.83451162819425,0.495873885574608,-0.536878840792699
"95063",-0.231470731807143,-0.253601707037929,-0.366184990094873,-0.493300348069857,-0.536878840792699
"95127",0.95895385340072,0.30766682696615,0.219443318513903,0.0366144199539638,0.978424055650245
"95203",-0.733267376061819,-0.390012796137421,-0.441533501124734,-0.72293008088018,-0.536878840792699
"95218",-0.740859133410321,-0.551062011461931,-0.574135494901516,-0.81124920888415,-0.536878840792699
"95219",-0.347754234608596,-0.420860531411021,-0.353701453728889,-0.687602429678592,0.978424055650245
"95252",-0.547917397870332,-0.329919805344693,-0.227971504401134,-0.369653568864299,-0.536878840792699
"95268",0.0544237400486573,-0.120395577447382,-0.29282896532538,0.866814223191284,2.49372695209319
"95277",-0.322571819989173,-0.331522285099166,-0.470160242498195,0.10726972235714,-0.536878840792699
"95280",-0.582728382785416,-0.278440143232256,-0.441492838139829,0.743167443985725,0.978424055650245
"95424",-0.661423428471112,-0.48736344122164,-0.564457704494011,-0.369653568864299,-0.536878840792699
"95487",-0.739377814903296,-0.638397158080696,-0.656437376350215,0.972797176796047,-0.536878840792699
"95500",-0.207584470881367,-0.146636183426873,-0.304865208857403,0.00128676875237519,-0.536878840792699
"95555",-0.657534967390172,-0.471538953646222,-0.501389414905606,-0.828913034484945,-0.536878840792699
"95572",-0.549398716377356,-0.267623404889565,-0.458123998966171,-0.0163770568484185,-0.536878840792699
"95582",-0.605133325204167,-0.33713096423982,-0.432628307430433,-0.422645045666681,-0.536878840792699
"95585",0.853965404215332,0.488947349190879,-0.0812594548621485,1.29074603761034,-0.536878840792699
"95680",-0.164626234177646,-0.38580628678193,-0.469062341905746,1.7146778520294,-0.536878840792699
